242,1
242,0
241,3
241,2
241,1
241,0
240,15
240,14
240,13
240,12
240,11
240,10
240,9
240,8
240,7
240,6
240,5
240,4
240,3
240,2
240,1
240,0
239,104
239,103
239,102
239,101
239,100
239,99
239,98
239,97
239,96
239,95
239,94
239,93
239,92
239,91
239,90
239,89
239,88
239,87
239,86
239,85
239,84
239,83
239,82
239,81
239,80
239,79
239,78
239,77
239,76
239,75
239,74
239,73
239,72
239,71
239,70
239,69
239,68
239,67
239,66
239,65
239,64
239,57
239,56
239,55
239,54
239,53
239,52
239,51
239,50
239,49
239,48
239,47
239,46
239,45
239,44
239,43
239,42
239,41
239,40
239,39
239,38
239,37
239,36
239,35
239,34
239,33
239,32
239,31
239,30
239,29
239,28
239,27
239,26
239,25
239,24
239,23
239,22
239,21
239,20
239,19
239,18
239,17
239,16
239,15
239,14
239,13
239,12
239,11
239,10
239,4
239,1
20,3
20,2
20,1
19,3
19,2
19,1
18,3
18,1
14,23
14,22
14,21
14,20
14,4
14,3
14,1
13,4
13,3
13,1
2,3
2,2
2,1
0,575
0,574
0,573
0,572
0,564
0,524
0,500
0,476
0,471
0,470
0,444
0,443
0,441
0,437
0,431
0,430
0,410
0,404
0,401
0,396
0,326
0,325
0,324
0,323
0,322
0,321
0,320
0,314
0,311
0,309
0,303
0,299
0,297
0,295
0,0
297,34
297,33
297,32
297,31
297,30
297,29
297,28
297,27
297,26
297,25
297,24
297,23
297,22
297,21
297,20
297,19
297,18
297,17
297,16
297,15
297,14
297,13
297,12
297,11
297,10
297,9
297,8
297,7
297,6
297,5
297,4
297,3
297,2
297,0
0,558
0,530
0,499
0,555
0,554
